$ANSIBLE_VAULT;1.1;AES256
33643637336635316532323761343362346136623738346562616136353362343062326162346334
3363633131616537313836323830366163666439333137650a323037373262343536653632616633
38363030316463633335383738366632663837396138323836313139353763633262353230373031
6334636436663164370a393166623961393830626236626466626562373865663964323033353464
37646239366365643735326231656363633964613830666364663131633439633365363637653961
32643665656464383634303666306465643239303834616330663666373261316631363733643035
64306130663236613463396138353230303030636638363365643939666665663337326232643465
66303961373138383336656266653935663761343963356465323633663636623165316163383366
33623437356630646161346137616664373136393838656464643162396666363337363462613463
31656365323637353335616262626436613139303063376361613530316162643637333063373062
61613932653236636335303966303665343363633235353462376164383662636236316134353963
31343561333764313363363736353531326537633664393438663731636631323061646337313939
39383166646339373733646139633234376465333934353337616436623066633638623962666439
30656136346137353136663261633634656639343239663363316238633337393462383865656561
61396264626234613861366262333132636339386561373230653638623333616234623839633564
30353561393436636561386439376130326564623735336565353564326564373238393238633138
37663030666464336437343532636634313365313831306163383838343566643266666235363739
32656438386334613762616466353064643639353031373131613338656432616330613164343035
34346532613561303435366337303065316138626639633666343963343633646235396264663161
32323265396131633364626665356562306536313636633830353833393562316530303564343065
61353666313537663666306237383438643639636238663630643161386638386438663136323830
34323031623730653261663739656534376439396264666637626435396437656633633631306664
31313865653362386339656361653638346331646532313833313535636537313233313361623232
35353333646163313663373166303265663964626430383237626335383261653061313262623533
62343763666132636563343231623138386635306564633733656331636162613537393632333432
66623931366638373938663863333861326536633832316161313963303130666464653066366231
65316430346232383832663636616266343462663932663461663436373231306666356465643365
65333963663032626338
