$ANSIBLE_VAULT;1.1;AES256
61666465343665353665653039653065623362373665613766353261663630326437306439376237
3136383263313834316432366264613432666239666337350a626463643062666137313333666637
35613130306338376661396261666339383030393834313133343562376165303533306230383636
3163626132613762630a626161663439373736393238333830626136613835323664323466333063
64363139316263376239646161303030643939636234373234323839383333373231663065333064
37366538313665636166646230333363376239303534666537623064303035613533666464653932
30353731313031313530396461613833653232653939326230633332363039333439623638326335
33393364356563366164313232343037396564303464616330616665653564336363376235333431
34363539386162353764376133356132653938646163616366636532376235356237343634616536
30666339313465356632343836353435616464643339633263333765383537663034386139353239
37663830343737333363383931643133623161336233346232613332366435663339356161353962
37626466333465616231303065656536643663643666653162636130343363656465326233623461
35333831666134326262383863623237343032656136386636303438643031303562626235316138
61666236336235393033336338373633356265636336306433396230386438303731343263313964
62376537393435346362636632613033303763643432313463663463333231366261356466363333
31333138633865333562663865306361383439343364393563653131653564316138393762313834
31333734363430393337666462336430643366313539353664363637613965346139623236336139
64306564323233373233613939343265623764356139623334666464653764346137336464353737
64316532633262356561303464643234643832653638646465653336323630343539633136366463
65323838386536383064373033373830666337626165373836393565623737653238643230656466
39326230346132653433656562383866626233386632323631626531366537666465663335363535
35393338326234643230666133343537666438643263306230373537636562626466373561316533
62663934623531653733383634303437336132613338343431636133323164376233663065646634
38366538363764333530323931633031353039323031313965343464643839303433666130323464
3138
